#OTU ID	garden1	garden2	garden3	garden4	woods1	woods2	woods3	woods4
zotu1	301	0	0	0	0	0	0	0
zotu10	2	21	17	203	0	0	0	0
zotu100	2	0	2	0	75	47	29	69
zotu101	0	0	0	0	45	39	21	32
zotu102	0	0	0	0	65	33	23	39
zotu103	0	0	0	0	34	46	19	27
zotu104	0	0	0	0	5	24	6	18
zotu105	0	0	0	0	14	20	8	56
zotu106	0	0	0	0	84	78	35	87
zotu107	0	0	0	0	197	139	118	144
zotu108	44	12	3	8	1	2	1	0
zotu109	7	63	2	7	3	5	3	1
zotu11	0	159	0	5	0	0	0	0
zotu110	2	27	1	1	0	0	0	0
zotu111	1	38	1	2	0	0	0	0
zotu112	0	0	0	1	70	63	42	57
zotu113	1	0	0	1	37	47	23	23
zotu114	0	0	0	0	18	33	13	13
zotu115	0	0	0	0	21	22	28	14
zotu116	0	0	0	0	27	14	13	25
zotu117	0	0	0	0	27	30	15	36
zotu118	0	0	0	0	43	52	41	33
zotu119	3	0	0	0	45	30	11	27
zotu12	8	174	68	20	0	0	0	0
zotu120	0	0	0	0	39	31	24	14
zotu121	0	0	0	0	49	35	23	29
zotu122	0	0	0	0	1	25	5	5
zotu123	40	24	28	32	2	2	0	4
zotu124	39	41	26	27	0	0	0	0
zotu125	26	15	4	1	0	0	0	0
zotu126	1	21	5	1	0	0	0	0
zotu127	131	97	57	167	0	0	0	0
zotu128	1	27	2	2	0	1	0	0
zotu129	0	29	0	8	0	0	0	0
zotu13	0	148	0	2	0	0	0	0
zotu130	22	33	27	13	0	0	1	0
zotu131	11	27	5	4	0	0	0	0
zotu132	0	6	1	36	0	0	0	0
zotu133	27	26	44	43	0	0	0	1
zotu134	0	0	0	0	9	25	9	9
zotu135	103	98	80	109	84	96	37	90
zotu136	7	4	4	7	66	86	69	116
zotu137	0	0	0	0	46	41	25	39
zotu138	26	21	5	13	0	0	0	0
zotu139	100	61	28	57	0	0	0	0
zotu14	0	143	0	0	0	0	0	0
zotu140	1	37	1	25	0	0	0	1
zotu141	8	54	13	7	0	0	0	0
zotu142	15	73	2	12	0	0	0	0
zotu143	69	41	48	34	0	0	0	0
zotu144	0	23	4	4	0	0	0	0
zotu145	0	23	3	6	0	0	0	0
zotu146	50	104	46	24	83	68	43	68
zotu147	0	19	0	1	0	0	0	0
zotu148	13	30	7	2	0	0	0	0
zotu149	7	22	4	14	0	0	0	0
zotu15	0	123	0	1	0	0	0	0
zotu150	0	0	10	41	0	0	0	0
zotu151	0	0	0	0	21	11	5	11
zotu152	4	1	3	4	51	20	5	44
zotu153	1	0	5	3	39	29	11	26
zotu154	0	0	0	0	41	20	5	26
zotu155	2	0	1	1	35	33	51	58
zotu156	0	0	0	0	23	10	7	15
zotu157	0	0	0	0	36	39	18	38
zotu158	0	0	0	0	62	50	51	45
zotu159	0	0	0	0	25	12	7	8
zotu16	0	0	0	0	121	142	99	129
zotu160	0	0	0	0	24	23	14	16
zotu161	16	0	11	0	12	27	17	41
zotu162	54	1	40	14	68	67	63	105
zotu163	38	10	5	4	0	0	0	0
zotu164	19	15	13	4	0	0	0	0
zotu165	128	113	35	57	0	0	0	0
zotu166	32	26	10	23	0	0	1	0
zotu167	2	0	0	0	18	18	6	20
zotu168	3	0	1	3	31	18	6	23
zotu169	0	0	0	0	39	25	22	28
zotu17	0	0	0	0	122	99	36	108
zotu170	0	0	0	0	7	33	5	22
zotu171	0	0	1	0	6	13	11	27
zotu172	6	20	9	4	0	0	0	0
zotu173	5	47	7	20	0	0	0	0
zotu174	20	50	26	23	0	0	0	0
zotu175	1	39	11	31	0	0	0	0
zotu176	0	19	0	0	0	0	0	0
zotu177	2	49	1	25	0	0	0	0
zotu178	0	23	0	7	8	0	0	0
zotu179	1	59	10	29	0	0	1	0
zotu18	134	0	0	0	0	0	1	0
zotu180	13	47	17	21	0	0	0	0
zotu181	14	142	7	121	0	0	1	0
zotu182	19	0	27	4	0	0	0	0
zotu183	25	0	39	6	0	0	0	0
zotu184	4	4	20	2	0	0	0	0
zotu185	14	17	49	52	0	0	1	0
zotu186	4	7	7	13	0	0	0	0
zotu187	7	4	4	28	2	1	1	0
zotu188	1	0	1	33	0	0	0	0
zotu189	0	0	0	0	51	50	25	40
zotu19	0	88	0	7	0	0	0	0
zotu190	0	0	0	0	26	5	2	4
zotu191	0	0	0	0	52	63	28	57
zotu192	0	0	0	0	4	18	6	8
zotu193	0	0	0	0	12	16	16	23
zotu194	0	0	0	0	12	14	8	14
zotu195	1	5	6	1	14	7	2	20
zotu196	4	0	6	2	66	57	47	85
zotu197	0	0	0	0	42	35	22	55
zotu198	19	4	15	17	0	0	0	0
zotu199	15	0	5	6	0	0	0	0
zotu2	245	146	90	57	0	0	0	1
zotu20	0	0	0	0	102	74	91	47
zotu200	21	2	9	7	1	0	0	0
zotu201	17	0	0	0	0	0	0	0
zotu202	0	26	0	11	0	0	0	0
zotu203	23	58	12	16	7	11	3	7
zotu204	1	18	5	0	0	0	0	0
zotu205	12	46	5	1	11	13	5	11
zotu206	1	13	0	0	0	0	0	0
zotu207	0	23	0	0	0	0	0	0
zotu208	0	16	0	0	0	0	0	0
zotu209	1	31	3	7	0	0	0	0
zotu21	1	98	0	36	0	0	0	0
zotu210	0	21	3	12	0	0	0	0
zotu211	0	13	0	3	0	0	0	0
zotu212	79	69	28	23	0	0	0	0
zotu213	1	12	1	0	0	0	0	0
zotu214	2	20	2	6	0	0	0	0
zotu215	2	39	2	11	0	0	0	0
zotu216	0	17	0	0	0	0	0	0
zotu217	1	14	0	4	0	0	0	0
zotu218	18	10	30	6	5	1	2	2
zotu219	20	10	39	23	0	0	0	0
zotu22	1	80	5	26	0	0	0	0
zotu220	0	0	0	0	19	16	0	10
zotu221	0	0	0	0	27	13	8	9
zotu222	0	0	0	0	36	33	27	38
zotu223	0	0	0	0	66	69	55	93
zotu224	10	13	0	5	36	11	7	12
zotu225	0	0	0	0	22	9	5	4
zotu226	0	0	0	0	15	11	4	4
zotu227	0	0	0	0	28	21	21	32
zotu228	0	0	0	0	21	2	2	2
zotu229	0	1	0	0	41	14	7	18
zotu23	0	0	0	1	144	106	66	105
zotu230	0	0	0	0	21	6	3	10
zotu231	0	0	0	0	27	20	15	12
zotu232	0	0	0	0	51	28	15	42
zotu233	0	0	0	0	33	20	10	24
zotu234	0	0	0	0	3	16	4	7
zotu235	0	0	0	0	15	20	10	30
zotu236	0	0	0	0	45	33	12	45
zotu237	0	0	0	0	7	23	7	11
zotu238	0	0	0	0	7	14	13	29
zotu239	0	0	0	0	15	22	20	37
zotu24	85	0	0	0	0	0	0	0
zotu240	0	0	0	0	4	18	10	32
zotu241	3	0	2	5	46	63	37	103
zotu242	1	0	1	2	42	45	50	91
zotu243	32	0	1	0	0	0	1	0
zotu244	35	13	1	3	0	0	0	0
zotu245	64	35	65	34	0	0	0	1
zotu246	81	30	40	29	0	0	0	0
zotu247	40	43	34	33	0	0	0	0
zotu248	55	0	0	0	0	0	0	0
zotu249	30	41	22	13	1	0	0	0
zotu25	0	89	0	4	0	0	0	0
zotu250	24	19	19	9	0	0	0	0
zotu251	40	144	16	30	13	13	5	11
zotu252	0	16	0	0	0	0	0	0
zotu253	37	40	19	20	0	0	0	0
zotu254	1	17	2	3	0	1	1	0
zotu255	14	31	7	7	0	0	0	0
zotu256	0	17	0	0	0	0	0	0
zotu257	6	30	4	7	12	8	4	13
zotu258	0	19	0	0	0	0	0	0
zotu259	0	24	0	0	0	0	0	0
zotu26	5	100	1	1	0	0	0	0
zotu260	13	21	16	11	3	4	1	3
zotu261	0	19	0	4	3	6	0	1
zotu262	7	16	2	2	0	0	0	0
zotu263	0	12	0	1	0	0	0	0
zotu264	1	26	1	10	0	0	0	0
zotu265	0	11	2	1	1	1	3	4
zotu266	119	82	36	110	3	0	0	2
zotu267	5	22	4	3	0	0	0	0
zotu268	1	21	4	2	0	0	0	0
zotu269	11	16	9	18	0	0	0	0
zotu27	0	0	0	0	36	75	65	47
zotu270	2	27	3	7	0	0	0	0
zotu271	8	2	15	28	9	3	1	11
zotu272	18	3	48	3	0	0	0	0
zotu273	29	27	42	48	0	0	0	0
zotu274	12	14	9	16	0	0	0	0
zotu275	19	44	38	41	0	1	0	0
zotu276	0	0	0	0	43	3	5	13
zotu277	0	0	1	5	24	50	18	19
zotu278	0	0	0	0	24	9	9	20
zotu279	3	0	2	0	45	30	20	52
zotu28	3	74	4	0	0	0	0	0
zotu280	27	14	5	6	31	31	11	39
zotu281	0	0	0	1	91	78	41	97
zotu282	0	0	0	0	34	26	28	49
zotu283	5	0	2	12	44	40	18	36
zotu284	5	0	5	2	26	27	18	30
zotu285	0	0	0	0	26	22	16	32
zotu286	6	3	3	8	44	40	11	52
zotu287	0	0	0	0	8	16	2	16
zotu288	31	14	29	17	38	53	29	38
zotu289	0	0	0	0	22	21	18	32
zotu29	0	0	0	0	113	30	15	34
zotu290	3	0	7	2	5	9	7	17
zotu291	0	0	0	0	38	48	38	66
zotu292	0	0	0	0	36	25	8	24
zotu293	18	25	9	4	0	0	0	0
zotu294	302	123	113	347	15	6	3	4
zotu295	18	8	8	5	1	1	1	2
zotu296	67	1	61	17	1	0	0	0
zotu297	64	0	0	0	0	0	0	0
zotu298	389	194	125	436	2	1	0	1
zotu299	38	16	5	9	0	0	0	0
zotu3	0	203	0	0	0	0	0	0
zotu30	0	0	1	5	90	97	76	99
zotu300	44	24	13	14	0	0	0	0
zotu301	33	15	11	20	67	25	10	40
zotu302	1	19	0	0	0	0	0	0
zotu303	11	16	3	1	0	0	0	0
zotu304	0	21	2	4	0	0	0	0
zotu305	0	17	0	6	0	0	0	0
zotu306	8	33	25	18	0	0	0	0
zotu307	15	36	14	6	0	0	0	0
zotu308	0	10	0	2	0	0	0	0
zotu309	5	39	3	28	0	0	0	0
zotu31	0	63	0	0	0	0	0	0
zotu310	8	14	10	12	0	0	0	0
zotu311	4	16	0	0	0	0	0	0
zotu312	3	10	3	0	0	0	0	0
zotu313	4	34	2	8	1	0	1	1
zotu314	6	51	3	33	0	0	0	0
zotu315	19	29	14	13	0	0	0	0
zotu316	41	27	13	21	22	7	3	17
zotu317	4	49	3	3	0	0	0	0
zotu318	31	33	25	19	9	5	1	11
zotu319	4	36	0	38	12	2	1	3
zotu32	22	81	23	6	0	0	0	0
zotu320	10	0	21	7	0	0	0	0
zotu321	1	4	18	1	0	0	0	0
zotu322	0	0	10	7	0	0	0	0
zotu323	11	0	17	28	0	0	0	0
zotu324	0	0	1	15	0	0	0	0
zotu325	1	13	2	17	0	0	0	0
zotu326	0	0	0	0	24	12	4	8
zotu327	0	0	0	0	65	44	38	35
zotu328	0	0	0	0	10	13	4	12
zotu329	0	0	0	1	32	24	22	18
zotu33	1	0	0	0	88	42	27	29
zotu330	0	0	0	0	40	15	15	18
zotu331	0	0	0	0	18	3	1	3
zotu332	3	0	5	0	14	11	1	12
zotu333	1	0	0	1	50	31	10	32
zotu334	0	0	1	0	22	9	3	16
zotu335	0	0	0	0	37	32	22	18
zotu336	0	0	1	0	34	22	22	30
zotu337	0	0	0	0	16	6	4	6
zotu338	0	0	0	1	21	14	8	10
zotu339	0	0	0	0	11	5	4	13
zotu34	70	0	0	0	0	0	0	0
zotu340	0	0	0	1	23	6	5	6
zotu341	6	0	1	0	35	16	9	13
zotu342	5	2	4	3	39	20	15	34
zotu343	26	20	7	9	22	11	9	16
zotu344	13	13	2	3	58	24	8	32
zotu345	11	0	12	1	9	18	17	28
zotu346	0	2	0	1	21	17	6	24
zotu347	39	0	31	15	43	31	33	79
zotu348	8	1	5	1	19	18	9	16
zotu349	0	0	0	0	20	29	6	34
zotu35	72	0	0	0	0	0	0	0
zotu350	0	0	0	0	3	19	34	10
zotu351	0	0	0	0	1	25	2	8
zotu352	0	0	1	0	23	28	18	42
zotu353	1	2	1	2	5	16	6	7
zotu354	0	1	0	0	18	28	15	32
zotu355	0	0	0	0	12	18	3	15
zotu356	0	0	1	1	12	12	3	20
zotu357	0	0	0	2	26	46	27	69
zotu358	0	0	0	0	15	30	21	45
zotu359	0	0	0	0	6	9	5	10
zotu36	2	50	1	2	0	0	0	0
zotu360	0	0	0	0	6	13	9	27
zotu361	0	0	0	0	11	5	2	14
zotu362	0	0	0	0	5	9	4	13
zotu363	0	0	0	0	6	11	11	24
zotu364	0	0	0	0	18	5	7	16
zotu365	2	1	3	4	18	12	11	25
zotu366	0	0	0	0	9	13	5	16
zotu37	2	1	3	3	77	95	32	84
zotu38	0	0	0	1	77	85	35	82
zotu39	54	0	0	0	0	0	0	0
zotu4	3	205	0	0	0	0	0	0
zotu40	5	18	5	53	0	0	0	0
zotu41	0	0	0	0	85	16	14	16
zotu42	0	0	0	0	10	42	18	29
zotu43	11	46	8	4	0	0	0	0
zotu44	34	58	21	9	0	0	0	0
zotu45	0	0	0	0	72	71	32	70
zotu46	0	0	0	0	82	66	83	138
zotu47	3	0	1	1	42	47	52	78
zotu48	67	0	0	0	0	0	0	1
zotu49	50	0	0	0	0	0	0	0
zotu5	214	0	0	0	0	0	0	0
zotu50	0	0	1	36	0	0	0	0
zotu51	0	0	3	2	57	29	36	61
zotu52	41	0	0	0	0	0	0	0
zotu53	45	17	37	12	0	0	0	0
zotu54	55	0	0	0	0	0	0	0
zotu55	0	35	0	2	0	0	0	0
zotu56	12	3	17	49	0	0	0	0
zotu57	0	0	1	0	67	58	21	55
zotu58	10	15	8	11	79	61	35	59
zotu59	1	0	3	0	14	29	22	62
zotu6	0	0	0	0	274	256	162	238
zotu60	48	0	0	0	0	0	0	0
zotu61	38	11	8	3	0	0	0	0
zotu62	181	0	24	6	0	0	0	0
zotu63	0	0	0	0	73	70	28	60
zotu64	3	7	0	2	81	56	26	72
zotu65	0	0	0	0	37	54	13	43
zotu66	1	0	2	0	48	60	36	92
zotu67	36	35	20	7	0	0	0	0
zotu68	39	0	0	0	0	0	0	0
zotu69	2	0	0	2	63	36	14	43
zotu7	0	0	0	0	238	53	26	44
zotu70	0	0	0	0	0	40	22	44
zotu71	34	1	34	13	83	84	86	127
zotu72	2	0	0	2	116	47	28	55
zotu73	0	0	0	0	66	15	8	22
zotu74	0	0	0	0	20	19	36	25
zotu75	0	0	0	1	32	41	31	75
zotu76	6	8	2	48	0	0	0	0
zotu77	5	4	1	4	59	31	17	33
zotu78	0	3	2	1	23	26	25	47
zotu79	8	0	5	3	56	55	46	82
zotu8	79	191	0	2	0	0	0	0
zotu80	40	0	0	0	0	0	0	0
zotu81	4	45	2	4	2	0	2	1
zotu82	13	29	12	9	0	0	1	0
zotu83	0	32	0	0	0	0	0	0
zotu84	7	98	3	17	2	0	0	0
zotu85	0	0	0	0	63	59	34	58
zotu86	0	0	0	0	57	65	39	78
zotu87	2	2	1	1	67	28	15	41
zotu88	1	44	1	3	4	0	3	1
zotu89	23	67	15	20	0	0	0	0
zotu9	0	159	0	1	0	0	0	0
zotu90	0	31	9	1	0	0	0	0
zotu91	2	33	4	10	0	0	0	0
zotu92	7	0	6	27	0	0	0	0
zotu93	2	2	3	3	37	15	12	16
zotu94	0	0	0	0	26	47	44	70
zotu95	0	0	0	0	60	64	35	56
zotu96	3	2	3	4	57	41	29	43
zotu97	2	4	0	4	77	63	24	70
zotu98	26	31	6	19	0	0	0	0
zotu99	13	46	25	11	0	0	0	0
